0.000000000000000000e+00 4.320000000000000000e+02 5.860000000000000000e+02 1.015000000000000000e+03 1.963000000000000000e+03 2.934000000000000000e+03 3.801000000000000000e+03 7.100000000000000000e+01 4.060000000000000000e+02 2.640000000000000000e+03 2.855000000000000000e+03 1.134000000000000000e+03
4.300000000000000000e+02 0.000000000000000000e+00 4.390000000000000000e+02 1.172000000000000000e+03 1.632000000000000000e+03 2.603000000000000000e+03 4.198000000000000000e+03 4.930000000000000000e+02 8.400000000000000000e+02 2.308000000000000000e+03 3.089000000000000000e+03 1.568000000000000000e+03
5.860000000000000000e+02 4.410000000000000000e+02 0.000000000000000000e+00 7.420000000000000000e+02 1.356000000000000000e+03 2.327000000000000000e+03 3.864000000000000000e+03 6.510000000000000000e+02 9.820000000000000000e+02 2.032000000000000000e+03 2.659000000000000000e+03 1.710000000000000000e+03
1.015000000000000000e+03 1.171000000000000000e+03 7.420000000000000000e+02 0.000000000000000000e+00 1.453000000000000000e+03 1.953000000000000000e+03 3.306000000000000000e+03 1.090000000000000000e+03 1.372000000000000000e+03 2.129000000000000000e+03 1.945000000000000000e+03 2.101000000000000000e+03
1.960000000000000000e+03 1.621000000000000000e+03 1.351000000000000000e+03 1.447000000000000000e+03 0.000000000000000000e+00 1.199000000000000000e+03 4.104000000000000000e+03 2.023000000000000000e+03 2.369000000000000000e+03 8.130000000000000000e+02 2.054000000000000000e+03 3.098000000000000000e+03
2.934000000000000000e+03 2.596000000000000000e+03 2.326000000000000000e+03 1.954000000000000000e+03 1.205000000000000000e+03 0.000000000000000000e+00 4.170000000000000000e+03 2.997000000000000000e+03 3.344000000000000000e+03 7.590000000000000000e+02 1.465000000000000000e+03 4.072000000000000000e+03
3.803000000000000000e+03 4.200000000000000000e+03 3.865000000000000000e+03 3.309000000000000000e+03 4.110000000000000000e+03 4.168000000000000000e+03 0.000000000000000000e+00 3.878000000000000000e+03 3.976000000000000000e+03 4.618000000000000000e+03 3.055000000000000000e+03 4.382000000000000000e+03
7.000000000000000000e+01 4.930000000000000000e+02 6.500000000000000000e+02 1.091000000000000000e+03 2.025000000000000000e+03 2.996000000000000000e+03 3.876000000000000000e+03 0.000000000000000000e+00 4.130000000000000000e+02 2.701000000000000000e+03 2.931000000000000000e+03 1.141000000000000000e+03
4.040000000000000000e+02 8.400000000000000000e+02 9.810000000000000000e+02 1.373000000000000000e+03 2.372000000000000000e+03 3.342000000000000000e+03 3.973000000000000000e+03 4.080000000000000000e+02 0.000000000000000000e+00 3.048000000000000000e+03 3.112000000000000000e+03 7.430000000000000000e+02
2.639000000000000000e+03 2.301000000000000000e+03 2.031000000000000000e+03 2.127000000000000000e+03 8.050000000000000000e+02 7.610000000000000000e+02 4.616000000000000000e+03 2.702000000000000000e+03 3.049000000000000000e+03 0.000000000000000000e+00 2.031000000000000000e+03 3.777000000000000000e+03
2.854000000000000000e+03 3.083000000000000000e+03 2.654000000000000000e+03 1.945000000000000000e+03 2.061000000000000000e+03 1.465000000000000000e+03 3.054000000000000000e+03 2.929000000000000000e+03 3.112000000000000000e+03 2.033000000000000000e+03 0.000000000000000000e+00 3.756000000000000000e+03
1.131000000000000000e+03 1.567000000000000000e+03 1.708000000000000000e+03 2.100000000000000000e+03 3.099000000000000000e+03 4.070000000000000000e+03 4.381000000000000000e+03 1.135000000000000000e+03 7.430000000000000000e+02 3.775000000000000000e+03 3.759000000000000000e+03 0.000000000000000000e+00
